2301nmltCLC,Nhap mon lap trinh,23127336_2301nmltCLC_Sem1_23_mark.csv