23,23127029_23_year.csv